20220101 0 0 0
20220102 0 1 1
20220104 1 0 1
20220105 1 1 0
20220107 0.8 0.8 0
20220108 0.6 0.6 0
20220110 0.4 0.4 0
20220111 0.2 0.2 0
20220113 1.0 0.8 1
20220114 1.0 0.6 1
20220116 1.0 0.4 1
20220117 1.0 0.2 1
20220119 0.8 0.6 1
20220121 0.6 0.4 1
20220123 0.4 0.2 1
20220124 0.2 0 1
20220126 0.999 0.666 1
20220127 0.666 0.333 1
20220129 0.333 0 1
20220130 0.8 0.4 1
20220131 0.4 0 1
20220202 0 0.123 1
20220203 0.12 0.23 1
20220205 0.23 0.34 1
20220206 0.34 0.45 1
20220207 0.45 0.56 1
20220209 0.56 0.67 1
20220210 0.67 0.78 1
20220211 0.78 0.89 1
20220213 0.89 0.99 1
