20220101 0 0 0
20220102 123.3 123.3 0
20220104 122.1 123.1 1
20220105 121.9 122.1 1
20220107 122.1 122.1 0
20220108 134.2 134.9 1
20220110 130.1 130.9 1
20220111 128.0 128.0 0
20220113 135.1 135.1 0
20220114 123.5 123.9 1
20220116 124.8 124.8 1
20220117 124.9 124.0 1
20220119 134.1 134.1 0
20220121 125.1 125.3 1
20220123 126.9 126.0 1
20220124 127.2 127.2 0
20220126 128.2 128.2 0
20220127 136.9 136.9 0
20220129 134.2 135.1 1
20220130 140.1 140.2 0
20220131 140.3 140.1 1
20220202 138.9 138.9 0
20220203 129.8 129.8 0
20220205 123.2 123.9 1
20220206 122.8 122.9 1
20220207 124.7 125.9 1
20220209 124.9 124.5 1
20220210 127.8 127.8 0
20220211 126.0 126.9 1
20220213 127.2 127.2 0
